"service_id","date","exception_type"
3,20151213,1
Nb,20151213,1
0,20151214,1
Ss,20151214,1
Su,20151214,1
Na,20151214,1
0,20151215,1
Ss,20151215,1
Su,20151215,1
Na,20151215,1
0,20151216,1
Ss,20151216,1
Su,20151216,1
Na,20151216,1
0,20151217,1
Ss,20151217,1
Su,20151217,1
Na,20151217,1
0,20151218,1
Ss,20151218,1
Su,20151218,1
Na,20151218,1
Yr,20151218,1
Fa,20151218,1
2,20151219,1
3,20151220,1
Nb,20151220,1
0,20151221,1
Ss,20151221,1
Su,20151221,1
Na,20151221,1
0,20151222,1
Ss,20151222,1
Su,20151222,1
Na,20151222,1
0,20151223,1
Sf,20151223,1
Su,20151223,1
Na,20151223,1
2,20151224,1
Yt,20151224,1
3,20151225,1
Ys,20151225,1
3,20151226,1
Ys,20151226,1
3,20151227,1
Nb,20151227,1
0,20151228,1
Sf,20151228,1
Na,20151228,1
0,20151229,1
Sf,20151229,1
Na,20151229,1
0,20151230,1
Sf,20151230,1
Na,20151230,1
2,20151231,1
Yu,20151231,1
3,20160101,1
Ys,20160101,1
2,20160102,1
3,20160103,1
Nb,20160103,1
0,20160104,1
Sf,20160104,1
Na,20160104,1
0,20160105,1
Sf,20160105,1
Na,20160105,1
Yr,20160105,1
Fb,20160105,1
Fa,20160105,1
3,20160106,1
Nb,20160106,1
0,20160107,1
Sf,20160107,1
Su,20160107,1
Na,20160107,1
0,20160108,1
Sf,20160108,1
Su,20160108,1
Na,20160108,1
Yr,20160108,1
Fa,20160108,1
2,20160109,1
3,20160110,1
Nb,20160110,1
0,20160111,1
Ss,20160111,1
Su,20160111,1
Na,20160111,1
0,20160112,1
Ss,20160112,1
Su,20160112,1
Na,20160112,1
0,20160113,1
Ss,20160113,1
Su,20160113,1
Na,20160113,1
0,20160114,1
Ss,20160114,1
Su,20160114,1
Na,20160114,1
0,20160115,1
Ss,20160115,1
Su,20160115,1
Na,20160115,1
Yr,20160115,1
Fa,20160115,1
2,20160116,1
3,20160117,1
Nb,20160117,1
0,20160118,1
Ss,20160118,1
Su,20160118,1
Na,20160118,1
0,20160119,1
Ss,20160119,1
Su,20160119,1
Na,20160119,1
0,20160120,1
Ss,20160120,1
Su,20160120,1
Na,20160120,1
0,20160121,1
Ss,20160121,1
Su,20160121,1
Na,20160121,1
0,20160122,1
Ss,20160122,1
Su,20160122,1
Na,20160122,1
Yr,20160122,1
Fa,20160122,1
2,20160123,1
3,20160124,1
Nb,20160124,1
0,20160125,1
Ss,20160125,1
Su,20160125,1
Na,20160125,1
0,20160126,1
Ss,20160126,1
Su,20160126,1
Na,20160126,1
0,20160127,1
Ss,20160127,1
Su,20160127,1
Na,20160127,1
0,20160128,1
Ss,20160128,1
Su,20160128,1
Na,20160128,1
0,20160129,1
Ss,20160129,1
Su,20160129,1
Na,20160129,1
Yr,20160129,1
Fa,20160129,1
2,20160130,1
3,20160131,1
Nb,20160131,1
0,20160201,1
Ss,20160201,1
Su,20160201,1
Na,20160201,1
0,20160202,1
Ss,20160202,1
Su,20160202,1
Na,20160202,1
0,20160203,1
Ss,20160203,1
Su,20160203,1
Na,20160203,1
0,20160204,1
Ss,20160204,1
Su,20160204,1
Na,20160204,1
0,20160205,1
Ss,20160205,1
Su,20160205,1
Na,20160205,1
Yr,20160205,1
Fa,20160205,1
2,20160206,1
3,20160207,1
Nb,20160207,1
0,20160208,1
Sf,20160208,1
Su,20160208,1
Na,20160208,1
0,20160209,1
Sf,20160209,1
Su,20160209,1
Na,20160209,1
0,20160210,1
Sf,20160210,1
Su,20160210,1
Na,20160210,1
0,20160211,1
Sf,20160211,1
Su,20160211,1
Na,20160211,1
0,20160212,1
Sf,20160212,1
Su,20160212,1
Na,20160212,1
Yr,20160212,1
Fa,20160212,1
2,20160213,1
3,20160214,1
Nb,20160214,1
0,20160215,1
Ss,20160215,1
Na,20160215,1
0,20160216,1
Ss,20160216,1
Na,20160216,1
0,20160217,1
Ss,20160217,1
Na,20160217,1
0,20160218,1
Ss,20160218,1
Na,20160218,1
0,20160219,1
Ss,20160219,1
Na,20160219,1
Yr,20160219,1
Fa,20160219,1
2,20160220,1
3,20160221,1
Nb,20160221,1
0,20160222,1
Ss,20160222,1
Na,20160222,1
0,20160223,1
Ss,20160223,1
Na,20160223,1
0,20160224,1
Ss,20160224,1
Na,20160224,1
0,20160225,1
Ss,20160225,1
Na,20160225,1
0,20160226,1
Ss,20160226,1
Na,20160226,1
Yr,20160226,1
Fa,20160226,1
2,20160227,1
3,20160228,1
Nb,20160228,1
0,20160229,1
Ss,20160229,1
Na,20160229,1
0,20160301,1
Ss,20160301,1
Na,20160301,1
0,20160302,1
Ss,20160302,1
Na,20160302,1
0,20160303,1
Ss,20160303,1
Na,20160303,1
0,20160304,1
Ss,20160304,1
Na,20160304,1
Yr,20160304,1
Fa,20160304,1
2,20160305,1
3,20160306,1
Nb,20160306,1
0,20160307,1
Ss,20160307,1
Na,20160307,1
0,20160308,1
Ss,20160308,1
Na,20160308,1
0,20160309,1
Ss,20160309,1
Na,20160309,1
0,20160310,1
Ss,20160310,1
Na,20160310,1
0,20160311,1
Ss,20160311,1
Na,20160311,1
Yr,20160311,1
Fa,20160311,1
2,20160312,1
3,20160313,1
Nb,20160313,1
0,20160314,1
Ss,20160314,1
Na,20160314,1
0,20160315,1
Ss,20160315,1
Na,20160315,1
0,20160316,1
Ss,20160316,1
Na,20160316,1
0,20160317,1
Ss,20160317,1
Na,20160317,1
0,20160318,1
Ss,20160318,1
Na,20160318,1
Yr,20160318,1
Fa,20160318,1
2,20160319,1
3,20160320,1
Nb,20160320,1
0,20160321,1
Ss,20160321,1
Na,20160321,1
0,20160322,1
Ss,20160322,1
Na,20160322,1
0,20160323,1
Sf,20160323,1
Na,20160323,1
0,20160324,1
Sf,20160324,1
Na,20160324,1
Yr,20160324,1
Fb,20160324,1
Fa,20160324,1
3,20160325,1
Ys,20160325,1
2,20160326,1
3,20160327,1
Ys,20160327,1
3,20160328,1
Nb,20160328,1
0,20160329,1
Sf,20160329,1
Na,20160329,1
0,20160330,1
Sf,20160330,1
Na,20160330,1
0,20160331,1
Sf,20160331,1
Na,20160331,1
0,20160401,1
Sf,20160401,1
Na,20160401,1
Yr,20160401,1
Fa,20160401,1
2,20160402,1
3,20160403,1
Nb,20160403,1
0,20160404,1
Ss,20160404,1
Na,20160404,1
0,20160405,1
Ss,20160405,1
Na,20160405,1
0,20160406,1
Ss,20160406,1
Na,20160406,1
0,20160407,1
Ss,20160407,1
Na,20160407,1
0,20160408,1
Ss,20160408,1
Na,20160408,1
Yr,20160408,1
Fa,20160408,1
2,20160409,1
3,20160410,1
Nb,20160410,1
0,20160411,1
Ss,20160411,1
Su,20160411,1
Na,20160411,1
0,20160412,1
Ss,20160412,1
Su,20160412,1
Na,20160412,1
0,20160413,1
Ss,20160413,1
Su,20160413,1
Na,20160413,1
0,20160414,1
Ss,20160414,1
Su,20160414,1
Na,20160414,1
0,20160415,1
Ss,20160415,1
Su,20160415,1
Na,20160415,1
Yr,20160415,1
Fa,20160415,1
2,20160416,1
3,20160417,1
Nb,20160417,1
0,20160418,1
Ss,20160418,1
Su,20160418,1
Na,20160418,1
0,20160419,1
Ss,20160419,1
Su,20160419,1
Na,20160419,1
0,20160420,1
Ss,20160420,1
Su,20160420,1
Na,20160420,1
0,20160421,1
Ss,20160421,1
Su,20160421,1
Na,20160421,1
0,20160422,1
Ss,20160422,1
Su,20160422,1
Na,20160422,1
Yr,20160422,1
Fa,20160422,1
2,20160423,1
3,20160424,1
Nb,20160424,1
0,20160425,1
Ss,20160425,1
Su,20160425,1
Na,20160425,1
0,20160426,1
Ss,20160426,1
Su,20160426,1
Na,20160426,1
0,20160427,1
Ss,20160427,1
Su,20160427,1
Na,20160427,1
0,20160428,1
Ss,20160428,1
Su,20160428,1
Na,20160428,1
0,20160429,1
Ss,20160429,1
Su,20160429,1
Na,20160429,1
Yr,20160429,1
Fa,20160429,1
2,20160430,1
3,20160501,1
Nb,20160501,1
0,20160502,1
Ss,20160502,1
Su,20160502,1
Na,20160502,1
0,20160503,1
Ss,20160503,1
Su,20160503,1
Na,20160503,1
0,20160504,1
Ss,20160504,1
Su,20160504,1
Na,20160504,1
Yr,20160504,1
Fb,20160504,1
Fa,20160504,1
3,20160505,1
Nb,20160505,1
0,20160506,1
Sf,20160506,1
Su,20160506,1
Na,20160506,1
Yr,20160506,1
Fa,20160506,1
2,20160507,1
3,20160508,1
Nb,20160508,1
0,20160509,1
Ss,20160509,1
Su,20160509,1
Na,20160509,1
0,20160510,1
Ss,20160510,1
Su,20160510,1
Na,20160510,1
0,20160511,1
Ss,20160511,1
Su,20160511,1
Na,20160511,1
0,20160512,1
Ss,20160512,1
Su,20160512,1
Na,20160512,1
0,20160513,1
Ss,20160513,1
Su,20160513,1
Na,20160513,1
Yr,20160513,1
Fa,20160513,1
2,20160514,1
3,20160515,1
Ys,20160515,1
3,20160516,1
Nb,20160516,1
0,20160517,1
Sf,20160517,1
Su,20160517,1
Na,20160517,1
0,20160518,1
Sf,20160518,1
Su,20160518,1
Na,20160518,1
0,20160519,1
Sf,20160519,1
Su,20160519,1
Na,20160519,1
0,20160520,1
Sf,20160520,1
Su,20160520,1
Na,20160520,1
Yr,20160520,1
Fa,20160520,1
2,20160521,1
3,20160522,1
Nb,20160522,1
0,20160523,1
Sf,20160523,1
Su,20160523,1
Na,20160523,1
0,20160524,1
Sf,20160524,1
Su,20160524,1
Na,20160524,1
0,20160525,1
Sf,20160525,1
Su,20160525,1
Na,20160525,1
Yr,20160525,1
Fb,20160525,1
Fa,20160525,1
3,20160526,1
Nb,20160526,1
0,20160527,1
Sf,20160527,1
Su,20160527,1
Na,20160527,1
Yr,20160527,1
Fa,20160527,1
2,20160528,1
3,20160529,1
Nb,20160529,1
0,20160530,1
Ss,20160530,1
Su,20160530,1
Na,20160530,1
0,20160531,1
Ss,20160531,1
Su,20160531,1
Na,20160531,1
0,20160601,1
Ss,20160601,1
Su,20160601,1
Na,20160601,1
0,20160602,1
Ss,20160602,1
Su,20160602,1
Na,20160602,1
0,20160603,1
Ss,20160603,1
Su,20160603,1
Na,20160603,1
Yr,20160603,1
Fa,20160603,1
2,20160604,1
3,20160605,1
Nb,20160605,1
0,20160606,1
Ss,20160606,1
Su,20160606,1
Na,20160606,1
0,20160607,1
Ss,20160607,1
Su,20160607,1
Na,20160607,1
0,20160608,1
Ss,20160608,1
Su,20160608,1
Na,20160608,1
0,20160609,1
Ss,20160609,1
Su,20160609,1
Na,20160609,1
0,20160610,1
Ss,20160610,1
Su,20160610,1
Na,20160610,1
Yr,20160610,1
Fa,20160610,1
2,20160611,1
3,20160612,1
Nb,20160612,1
0,20160613,1
Ss,20160613,1
Su,20160613,1
Na,20160613,1
0,20160614,1
Ss,20160614,1
Su,20160614,1
Na,20160614,1
0,20160615,1
Ss,20160615,1
Su,20160615,1
Na,20160615,1
0,20160616,1
Ss,20160616,1
Su,20160616,1
Na,20160616,1
0,20160617,1
Ss,20160617,1
Su,20160617,1
Na,20160617,1
Yr,20160617,1
Fa,20160617,1
2,20160618,1
3,20160619,1
Nb,20160619,1
0,20160620,1
Ss,20160620,1
Su,20160620,1
Na,20160620,1
0,20160621,1
Ss,20160621,1
Su,20160621,1
Na,20160621,1
0,20160622,1
Ss,20160622,1
Su,20160622,1
Na,20160622,1
0,20160623,1
Ss,20160623,1
Su,20160623,1
Na,20160623,1
0,20160624,1
Ss,20160624,1
Su,20160624,1
Na,20160624,1
Yr,20160624,1
Fa,20160624,1
2,20160625,1
3,20160626,1
Nb,20160626,1
0,20160627,1
Ss,20160627,1
Su,20160627,1
Na,20160627,1
0,20160628,1
Ss,20160628,1
Su,20160628,1
Na,20160628,1
0,20160629,1
Ss,20160629,1
Su,20160629,1
Na,20160629,1
0,20160630,1
Ss,20160630,1
Su,20160630,1
Na,20160630,1
0,20160701,1
Ss,20160701,1
Su,20160701,1
Na,20160701,1
Yr,20160701,1
Fa,20160701,1
2,20160702,1
3,20160703,1
Nb,20160703,1
0,20160704,1
Ss,20160704,1
Su,20160704,1
Na,20160704,1
0,20160705,1
Ss,20160705,1
Su,20160705,1
Na,20160705,1
0,20160706,1
Ss,20160706,1
Su,20160706,1
Na,20160706,1
0,20160707,1
Ss,20160707,1
Su,20160707,1
Na,20160707,1
0,20160708,1
Ss,20160708,1
Su,20160708,1
Na,20160708,1
Yr,20160708,1
Fa,20160708,1
2,20160709,1
3,20160710,1
Nb,20160710,1
0,20160711,1
Ss,20160711,1
Su,20160711,1
Na,20160711,1
0,20160712,1
Ss,20160712,1
Su,20160712,1
Na,20160712,1
0,20160713,1
Ss,20160713,1
Su,20160713,1
Na,20160713,1
0,20160714,1
Ss,20160714,1
Su,20160714,1
Na,20160714,1
0,20160715,1
Ss,20160715,1
Su,20160715,1
Na,20160715,1
Yr,20160715,1
Fa,20160715,1
2,20160716,1
3,20160717,1
Nb,20160717,1
0,20160719,1
Ss,20160719,1
Na,20160719,1
0,20160720,1
Ss,20160720,1
Na,20160720,1
0,20160721,1
Ss,20160721,1
Na,20160721,1
0,20160722,1
Ss,20160722,1
Na,20160722,1
Yr,20160722,1
Fa,20160722,1
2,20160723,1
3,20160724,1
Nb,20160724,1
0,20160725,1
Ss,20160725,1
Na,20160725,1
0,20160726,1
Ss,20160726,1
Na,20160726,1
0,20160727,1
Ss,20160727,1
Na,20160727,1
0,20160728,1
Sf,20160728,1
Na,20160728,1
0,20160729,1
Sf,20160729,1
Na,20160729,1
Yr,20160729,1
Fa,20160729,1
2,20160730,1
3,20160731,1
Nb,20160731,1
0,20160801,1
Sf,20160801,1
Na,20160801,1
0,20160802,1
Sf,20160802,1
Na,20160802,1
0,20160803,1
Sf,20160803,1
Na,20160803,1
0,20160804,1
Sf,20160804,1
Na,20160804,1
0,20160805,1
Sf,20160805,1
Na,20160805,1
Yr,20160805,1
Fa,20160805,1
2,20160806,1
3,20160807,1
Nb,20160807,1
0,20160808,1
Sf,20160808,1
Na,20160808,1
0,20160809,1
Sf,20160809,1
Na,20160809,1
0,20160810,1
Sf,20160810,1
Na,20160810,1
0,20160811,1
Sf,20160811,1
Na,20160811,1
0,20160812,1
Sf,20160812,1
Na,20160812,1
Yr,20160812,1
Fa,20160812,1
2,20160813,1
3,20160814,1
Nb,20160814,1
0,20160815,1
Sf,20160815,1
Na,20160815,1
0,20160816,1
Sf,20160816,1
Na,20160816,1
0,20160817,1
Sf,20160817,1
Na,20160817,1
0,20160818,1
Sf,20160818,1
Na,20160818,1
0,20160819,1
Sf,20160819,1
Na,20160819,1
Yr,20160819,1
Fa,20160819,1
2,20160820,1
3,20160821,1
Nb,20160821,1
0,20160822,1
Sf,20160822,1
Na,20160822,1
0,20160823,1
Sf,20160823,1
Na,20160823,1
0,20160824,1
Sf,20160824,1
Na,20160824,1
0,20160825,1
Sf,20160825,1
Na,20160825,1
0,20160826,1
Sf,20160826,1
Na,20160826,1
Yr,20160826,1
Fa,20160826,1
2,20160827,1
3,20160828,1
Nb,20160828,1
0,20160829,1
Sf,20160829,1
Na,20160829,1
0,20160830,1
Sf,20160830,1
Na,20160830,1
0,20160831,1
Sf,20160831,1
Na,20160831,1
0,20160901,1
Sf,20160901,1
Na,20160901,1
0,20160902,1
Sf,20160902,1
Na,20160902,1
Yr,20160902,1
Fa,20160902,1
2,20160903,1
3,20160904,1
Nb,20160904,1
0,20160905,1
Sf,20160905,1
Na,20160905,1
0,20160906,1
Sf,20160906,1
Na,20160906,1
0,20160907,1
Sf,20160907,1
Na,20160907,1
0,20160908,1
Sf,20160908,1
Na,20160908,1
0,20160909,1
Sf,20160909,1
Na,20160909,1
Yr,20160909,1
Fa,20160909,1
2,20160910,1
3,20160911,1
Nb,20160911,1
0,20160912,1
Ss,20160912,1
Na,20160912,1
0,20160913,1
Ss,20160913,1
Na,20160913,1
0,20160914,1
Ss,20160914,1
Na,20160914,1
0,20160915,1
Ss,20160915,1
Na,20160915,1
0,20160916,1
Ss,20160916,1
Na,20160916,1
Yr,20160916,1
Fa,20160916,1
2,20160917,1
3,20160918,1
Nb,20160918,1
0,20160919,1
Ss,20160919,1
Na,20160919,1
0,20160920,1
Ss,20160920,1
Na,20160920,1
0,20160921,1
Ss,20160921,1
Na,20160921,1
0,20160922,1
Ss,20160922,1
Na,20160922,1
0,20160923,1
Ss,20160923,1
Na,20160923,1
Yr,20160923,1
Fa,20160923,1
2,20160924,1
3,20160925,1
Nb,20160925,1
0,20160926,1
Ss,20160926,1
Na,20160926,1
0,20160927,1
Ss,20160927,1
Na,20160927,1
0,20160928,1
Ss,20160928,1
Na,20160928,1
0,20160929,1
Ss,20160929,1
Na,20160929,1
0,20160930,1
Ss,20160930,1
Na,20160930,1
Yr,20160930,1
Fa,20160930,1
2,20161001,1
3,20161002,1
Ys,20161002,1
3,20161003,1
Nb,20161003,1
0,20161004,1
Ss,20161004,1
Na,20161004,1
0,20161005,1
Ss,20161005,1
Na,20161005,1
0,20161006,1
Ss,20161006,1
Na,20161006,1
0,20161007,1
Ss,20161007,1
Na,20161007,1
Yr,20161007,1
Fa,20161007,1
2,20161008,1
3,20161009,1
Nb,20161009,1
0,20161010,1
Ss,20161010,1
Na,20161010,1
0,20161011,1
Ss,20161011,1
Na,20161011,1
0,20161012,1
Ss,20161012,1
Na,20161012,1
0,20161013,1
Ss,20161013,1
Na,20161013,1
0,20161014,1
Ss,20161014,1
Na,20161014,1
Yr,20161014,1
Fa,20161014,1
2,20161015,1
3,20161016,1
Nb,20161016,1
0,20161017,1
Ss,20161017,1
Su,20161017,1
Na,20161017,1
0,20161018,1
Ss,20161018,1
Su,20161018,1
Na,20161018,1
0,20161019,1
Ss,20161019,1
Su,20161019,1
Na,20161019,1
0,20161020,1
Ss,20161020,1
Su,20161020,1
Na,20161020,1
0,20161021,1
Ss,20161021,1
Su,20161021,1
Na,20161021,1
Yr,20161021,1
Fa,20161021,1
2,20161022,1
3,20161023,1
Nb,20161023,1
0,20161024,1
Ss,20161024,1
Su,20161024,1
Na,20161024,1
0,20161025,1
Ss,20161025,1
Su,20161025,1
Na,20161025,1
0,20161026,1
Ss,20161026,1
Su,20161026,1
Na,20161026,1
0,20161027,1
Ss,20161027,1
Su,20161027,1
Na,20161027,1
0,20161028,1
Ss,20161028,1
Su,20161028,1
Na,20161028,1
Yr,20161028,1
Fa,20161028,1
2,20161029,1
3,20161030,1
Nb,20161030,1
0,20161031,1
Sf,20161031,1
Su,20161031,1
Na,20161031,1
Yr,20161031,1
Fb,20161031,1
Fa,20161031,1
3,20161101,1
Nb,20161101,1
0,20161102,1
Sf,20161102,1
Su,20161102,1
Na,20161102,1
0,20161103,1
Sf,20161103,1
Su,20161103,1
Na,20161103,1
0,20161104,1
Sf,20161104,1
Su,20161104,1
Na,20161104,1
Yr,20161104,1
Fa,20161104,1
2,20161105,1
3,20161106,1
Nb,20161106,1
0,20161107,1
Ss,20161107,1
Su,20161107,1
Na,20161107,1
0,20161108,1
Ss,20161108,1
Su,20161108,1
Na,20161108,1
0,20161109,1
Ss,20161109,1
Su,20161109,1
Na,20161109,1
0,20161110,1
Ss,20161110,1
Su,20161110,1
Na,20161110,1
0,20161111,1
Ss,20161111,1
Su,20161111,1
Na,20161111,1
Yr,20161111,1
Fa,20161111,1
2,20161112,1
3,20161113,1
Nb,20161113,1
0,20161114,1
Ss,20161114,1
Su,20161114,1
Na,20161114,1
0,20161115,1
Ss,20161115,1
Su,20161115,1
Na,20161115,1
0,20161116,1
Ss,20161116,1
Su,20161116,1
Na,20161116,1
0,20161117,1
Ss,20161117,1
Su,20161117,1
Na,20161117,1
0,20161118,1
Ss,20161118,1
Su,20161118,1
Na,20161118,1
Yr,20161118,1
Fa,20161118,1
2,20161119,1
3,20161120,1
Nb,20161120,1
0,20161121,1
Ss,20161121,1
Su,20161121,1
Na,20161121,1
0,20161122,1
Ss,20161122,1
Su,20161122,1
Na,20161122,1
0,20161123,1
Ss,20161123,1
Su,20161123,1
Na,20161123,1
0,20161124,1
Ss,20161124,1
Su,20161124,1
Na,20161124,1
0,20161125,1
Ss,20161125,1
Su,20161125,1
Na,20161125,1
Yr,20161125,1
Fa,20161125,1
2,20161126,1
3,20161127,1
Nb,20161127,1
0,20161128,1
Ss,20161128,1
Su,20161128,1
Na,20161128,1
0,20161129,1
Ss,20161129,1
Su,20161129,1
Na,20161129,1
0,20161130,1
Ss,20161130,1
Su,20161130,1
Na,20161130,1
0,20161201,1
Ss,20161201,1
Su,20161201,1
Na,20161201,1
0,20161202,1
Ss,20161202,1
Su,20161202,1
Na,20161202,1
Yr,20161202,1
Fa,20161202,1
2,20161203,1
3,20161204,1
Nb,20161204,1
0,20161205,1
Ss,20161205,1
Su,20161205,1
Na,20161205,1
0,20161206,1
Ss,20161206,1
Su,20161206,1
Na,20161206,1
0,20161207,1
Ss,20161207,1
Su,20161207,1
Na,20161207,1
0,20161208,1
Ss,20161208,1
Su,20161208,1
Na,20161208,1
0,20161209,1
Ss,20161209,1
Su,20161209,1
Na,20161209,1
Yr,20161209,1
Fa,20161209,1
2,20161210,1
3,20161211,1
Nb,20161211,1
0,20161212,1
Ss,20161212,1
Su,20161212,1
Na,20161212,1
0,20161213,1
Ss,20161213,1
Su,20161213,1
Na,20161213,1
0,20161214,1
Ss,20161214,1
Su,20161214,1
Na,20161214,1
0,20161215,1
Ss,20161215,1
Su,20161215,1
Na,20161215,1
0,20161216,1
Ss,20161216,1
Su,20161216,1
Na,20161216,1
Yr,20161216,1
Fa,20161216,1
2,20161217,1
3,20161218,1
Nb,20161218,1
0,20161219,1
Ss,20161219,1
Su,20161219,1
Na,20161219,1
0,20161220,1
Ss,20161220,1
Su,20161220,1
Na,20161220,1
0,20161221,1
Ss,20161221,1
Su,20161221,1
Na,20161221,1
0,20161222,1
Ss,20161222,1
Su,20161222,1
Na,20161222,1
0,20161223,1
Sf,20161223,1
Su,20161223,1
Na,20161223,1
Yr,20161223,1
Fa,20161223,1
2,20161224,1
Yt,20161224,1
3,20161225,1
Ys,20161225,1
3,20161226,1
Nb,20161226,1
0,20161227,1
Sf,20161227,1
Na,20161227,1
0,20161228,1
Sf,20161228,1
Na,20161228,1
0,20161229,1
Sf,20161229,1
Na,20161229,1
0,20161230,1
Sf,20161230,1
Na,20161230,1
Yr,20161230,1
Fa,20161230,1
2,20161231,1
Yu,20161231,1
